ID	REND	HESTUDIO	MOT	SEXO	SELEC	STUAULA	GASTO
1	4	NA	2	1	8.9	14.3	1.275
2	5.5	NA	19	0	7.2	32.8	1.625
3	5.1	NA	34	1	8.3	18.9	NA
4	1.5	NA	NA	1	9.2	18.7	NA
5	6.9	83	80	1	10	16.7	NA
6	7.2	88	93	0	7.7	14	2.24
7	7.6	NA	NA	1	8.4	19.4	1.268
8	4.4	50	67	0	6.8	11.4	1.96
9	3.3	NA	19	1	8.8	20.1	1.3
10	4.3	NA	52	0	6.9	17.9	NA
11	6.1	NA	NA	0	8.5	14.7	NA
12	7	60	80	0	7.4	14.4	2.394
13	4.7	NA	NA	0	7.5	14.3	1.377
14	4.6	NA	NA	0	7.8	15.5	1.482
15	6.5	NA	NA	0	8.4	12.2	NA
16	5	NA	67	1	9.9	17.3	1.765
17	3.3	NA	34	1	8.8	6.7	2.5875
18	4.3	NA	67	1	9	13.3	1.425
19	1.5	55	19	0	6	11.9	2.06
20	NA	51	52	1	8.8	10	1.795
21	3.9	NA	NA	1	6.5	9.5	2.382
22	4.8	55	67	1	10.2	18.9	NA
23	4.1	43	52	1	9.6	21.7	1.864
24	4.9	57	67	1	10.4	19.6	2.108
25	NA	NA	NA	1	8.5	42.6	1.155
26	NA	2	1	1	8.6	16.2	NA
27	4.8	NA	34	1	8.9	19.6	NA
28	3.9	NA	34	1	9.3	20	NA
29	3.6	NA	52	1	9.5	20.5	1.3
30	6.8	NA	NA	1	8.6	19	NA
31	6.3	86	93	0	7.6	13.1	1.5975
32	1.9	NA	10	1	9.1	14.7	NA
33	3.9	NA	NA	1	9.7	14.8	NA
34	NA	31	34	0	8.2	12.8	1.85
35	3.6	44	52	0	8.1	16.6	2.273
36	6	41	34	0	7.5	12.4	NA
37	4.8	14	34	1	9.9	20.3	NA
38	4.9	NA	NA	1	9.1	20.4	NA
39	4.9	14	NA	1	9.3	20.3	NA
40	5.9	65	34	1	9.4	19.8	2.4385
41	5	NA	NA	1	9.4	18.5	2.431
42	6.3	29	34	1	9.2	18.9	2.525
43	4.1	18	19	1	9.7	19.5	NA
44	4.3	6	10	1	9.7	20.3	NA
45	5.5	9	10	1	9.1	17.4	NA
46	4	54	52	1	8.3	16.1	2.5945
47	2.3	28	10	0	5.9	15.7	NA
48	9.1	99	99	0	8	8.9	NA
49	4.3	NA	NA	0	6.6	10.4	NA
50	4.4	29	NA	0	5.8	7.8	NA
51	4.9	25	19	0	7.8	12.6	1.9275
52	NA	11	10	0	6.7	15.4	NA
53	6.4	78	89	0	6.9	10.3	NA
54	7.2	55	34	0	6.7	11.9	NA
55	6.9	NA	52	0	8	12.3	1.9125
56	6.6	87	89	0	8.5	11.6	3.385
57	4.3	33	34	0	7.3	18.6	2.062
58	7.8	95	NA	1	10.1	15.8	NA
59	7.6	82	80	1	10	14.5	NA
60	7.7	92	NA	1	10.2	11.8	NA
61	6.2	57	67	1	9.3	13.4	NA
62	6.6	92	93	1	9.8	13.9	NA
63	6.9	67	NA	1	10.1	18.9	NA
64	7.3	NA	NA	0	7.7	8.9	3.1025
65	10	NA	NA	0	8.8	13.9	NA
66	8.7	79	80	1	7.9	14.9	2.652
67	5.2	51	NA	0	7.8	13.6	NA
68	6	NA	34	1	8.3	27.9	1.865
69	8.4	NA	NA	0	8.2	11.3	2.095
70	4	37	52	1	9.4	21.5	NA
71	2.5	19	19	1	9.4	21.1	NA
72	5.3	40	52	0	7.7	14.8	2.74
73	3.6	33	19	1	8.4	19.4	2.19
74	8.8	NA	NA	1	9.1	8.2	NA
75	5.2	26	34	1	8.4	19.4	1.8775
76	9.1	NA	NA	0	8.1	10.7	3.15
77	NA	NA	NA	1	8.3	15.5	1.968
78	9.4	80	89	0	8.7	15.1	NA
79	7.9	40	NA	0	7.8	15.6	2.51
80	8.6	NA	NA	0	8.7	12	NA
81	7.6	NA	NA	0	6.6	11.2	2.3
82	9.1	NA	NA	0	8.2	10.4	2.845
83	7.1	94	NA	1	7.6	8.3	NA
84	5.1	34	NA	0	7	7.9	3.405
85	6.6	51	NA	0	9.1	10.7	3
86	5	19	NA	1	8.3	16.9	2.158
87	9.9	NA	NA	0	9.2	5.8	3.255
88	2.6	NA	NA	1	8.6	13.7	1.905
89	8.4	5	NA	0	7.9	14.4	2.337
90	7.5	NA	NA	0	8.2	9.3	3.204
91	NA	NA	NA	0	8	6.6	2.7
92	7.2	NA	NA	0	9.3	7.6	3.164
93	9.5	NA	NA	0	9.2	7.2	3.5655
94	4.6	25	19	0	9.4	7.5	1.875
95	NA	15	19	0	6.1	5.7	3.4575
96	9.6	47	52	0	6.6	8.3	3.215
97	7.2	30	19	0	7.6	12.6	NA
98	5.8	4	1	0	8.3	13.8	1.698
99	3.3	12	10	0	7.5	23.2	NA
100	5.7	87	NA	0	8.3	10.6	2.07
101	NA	23	52	0	6.6	15.1	NA
102	NA	NA	NA	1	9.3	11.8	1.334
103	5.9	83	89	0	7.9	12.8	NA
104	6.8	34	67	0	7.9	17.4	2.4325
105	NA	NA	NA	0	7.7	12.1	2.19
106	6.5	26	34	0	7.8	19	2.8
107	2.3	32	NA	0	7.5	20.4	2.37
108	NA	19	34	0	7.3	72.4	2.325
109	7.3	NA	NA	0	8.2	12.5	2.2825
110	6.6	NA	NA	1	10.2	13.4	2.09
111	4.7	78	67	1	9.5	17	1.888
112	5.9	NA	NA	0	6.9	7.7	NA
113	6.2	NA	NA	1	8.4	17	NA
114	3.8	13	NA	1	8.8	18.9	NA
115	6.3	NA	NA	0	8.2	16.3	1.97
116	4.9	41	NA	0	7.1	13.7	NA
117	3.2	26	NA	1	8.7	16.5	NA
118	3.9	NA	NA	1	8.5	13.9	1.185
119	3.6	44	52	1	7.7	17.3	1.6095
120	4.6	16	NA	1	10	19.7	NA
121	3.4	NA	NA	1	9.1	19	NA
122	9.1	65	80	0	8.3	9.2	2.0405
123	8.3	72	80	0	8.6	17.8	2.745
124	2.1	17	10	0	8.4	15.7	NA
125	5.3	NA	NA	1	8.7	17.5	NA
126	6.7	90	96	0	7.2	13.1	NA
127	3.1	48	NA	0	6.8	13.2	1.675
128	4.8	2	2	1	8.6	19	NA
129	6.5	65	67	0	8.1	12.5	2.7825
130	5.4	23	34	0	7.2	16.8	NA
131	6.3	86	NA	1	10.1	14.7	1.8
132	4.5	15	34	1	9.4	20	1.47
133	5.2	69	67	0	6.7	7.6	NA
134	4	22	NA	1	9.2	19.2	1.4865
135	5.2	7	10	1	8.7	21.4	1.3695
136	NA	17	10	0	6.6	14.1	2.745
137	NA	NA	19	0	8.1	16.8	NA
138	4.4	15	34	1	8.1	12.1	NA
139	5.8	NA	67	0	8	14.8	1.41
140	5.6	NA	34	0	6.8	9.1	NA
141	7.1	NA	NA	0	6.7	9.7	NA
142	5.1	NA	34	0	7	14.3	NA
143	8.5	90	89	0	9	14.4	NA
144	8	NA	NA	0	7.1	17.5	NA
145	4.1	NA	NA	0	9	13.4	NA
146	7.5	NA	67	0	7.2	12.1	NA
147	5.3	NA	52	0	6.7	10.6	1.725
148	6	NA	52	0	7.3	14.3	NA
149	5.4	NA	52	1	9.8	21	NA
150	1.8	NA	5	1	8.7	15.6	NA
151	8.3	94	97	0	8.2	12.9	2.045
152	8	22	5	0	6.8	15.9	NA
153	7.7	NA	NA	0	7.6	10.7	1.985
154	5.9	NA	34	0	7.2	10.8	1.875
155	5.2	NA	34	0	6.8	17.7	1.87
156	7.5	79	80	0	8.1	11.4	NA
157	5.6	44	67	0	7.3	11.6	2.05
158	7.6	75	89	0	7.7	16.4	NA
159	7.4	61	52	0	7.2	13.1	2.1725
160	5.6	NA	52	1	9.8	17.3	NA
161	9.2	97	98	0	9.6	6.8	NA
162	5.4	NA	NA	0	8	14.6	NA
163	9	77	NA	0	6.9	9.6	2.672
164	8	72	67	0	7.7	16.3	2.07
165	7.7	NA	10	0	7.4	12.2	NA
166	4.4	NA	52	1	9.7	14.9	1.628
167	4.3	NA	34	1	8.9	16.5	1.799
168	2.8	NA	NA	0	7.8	21.9	2.055
169	3.4	NA	34	1	9.9	10	2.544
170	5.5	NA	52	1	9.4	17.2	1.5965
171	5.9	25	34	0	8	12.1	1.76
172	5.1	28	34	1	10.3	17.7	NA
173	NA	44	52	0	7.6	14.6	1.5
174	8.2	NA	NA	0	8.2	11.1	2.51
175	7.7	75	NA	0	8.5	15.8	2.17
176	6	69	52	0	7.6	12.5	2.02
177	7.2	67	NA	0	7.4	9.9	1.865
178	6.4	NA	34	0	7.1	15.3	1.909
179	6.4	76	80	0	7.8	10.6	1.7425
180	4.7	31	34	0	6.8	11.8	NA
181	3.8	8	5	1	9.2	22	1.596
182	6.8	62	80	1	10.7	21.3	NA
183	4.1	NA	NA	1	9.4	16	NA
184	2.5	9	10	1	9.7	10.4	NA
185	3.3	NA	NA	1	8.8	18.2	NA
186	3.3	NA	NA	1	8.9	14.4	NA
187	6.1	21	NA	0	7.5	10.4	NA
188	3.4	21	34	0	7.9	39.8	1.891
189	6.7	63	80	1	10.7	18.2	NA
190	NA	26	52	1	NA	NA	NA
191	4.8	20	34	0	6.4	12.5	NA
192	NA	NA	NA	0	7.2	10.6	NA
193	7.5	8	19	0	6.5	10.2	2.065
194	NA	NA	NA	0	5.6	4.9	NA
195	9.8	87	89	0	8.1	14.2	2
196	9.7	96	NA	0	9.6	13.1	NA
197	9.5	NA	NA	0	8.3	14.2	1.63
198	7.2	NA	NA	0	7.5	9.9	2.0975
199	5.8	5	52	0	7	13.1	NA
200	7.4	NA	34	0	7.1	11	1.838
201	6.7	81	89	0	7.6	12.7	2.195
202	6.4	82	89	0	7.9	12.2	2.1615
203	8.7	NA	67	0	7.8	12.5	1.325
204	7.7	73	89	0	8.7	15	2.285
205	4.7	46	52	0	7.5	23.6	1.55
206	3.2	NA	19	0	7.5	12.6	1.68
207	NA	NA	34	0	6.8	17.2	1.7
208	6.9	NA	19	0	6.5	12.3	1.82
209	5.6	NA	52	0	7.5	13	1.839
210	6.4	NA	NA	0	7.1	11.3	1.7775
211	2.1	NA	34	0	6.6	13.6	1.825
212	6.8	NA	52	0	7.9	14.9	1.5375
213	4.5	34	52	0	6.9	16.5	1.81
214	6.2	NA	NA	1	10.1	13.1	NA
215	7.8	NA	52	0	7.3	17.4	NA
216	6.7	75	80	0	7.8	12.4	1.805
217	4	NA	NA	0	6.9	13.3	1.555
218	6.5	NA	67	0	7.3	11	2.05
219	5.6	NA	52	0	6.8	8.8	1.79
220	4.4	NA	NA	1	8.7	18.1	NA
221	4.9	NA	19	0	7.1	25	NA
222	5	NA	19	1	8.7	19.3	1.572
223	6.8	NA	34	0	7	12.4	1.625
224	3.6	16	52	0	6.8	16.1	NA
225	5.3	NA	52	0	6.7	10	1.705
226	5.7	NA	67	1	10.2	13.7	NA
227	3.2	NA	34	1	8.8	20.4	NA
228	NA	59	67	0	7.6	12.1	1.382
229	5.6	NA	NA	0	6.6	10.1	NA
230	8.9	NA	19	0	6.6	10.6	NA
231	7.4	89	96	0	7.7	11.4	2.135
232	6.3	26	34	0	8	13	NA
233	3.9	NA	10	1	9.8	19.8	1.598
234	1.9	NA	NA	1	8	15	1.341
235	NA	NA	5	0	7.9	19.3	1.775
236	6.1	NA	NA	0	7.1	13.4	NA
237	6.4	12	19	0	7.2	14.1	NA
238	6.6	52	67	0	7.4	10.5	1.946
239	4.5	NA	NA	1	9.6	19.1	1.5745
240	6.6	81	89	0	7.3	11.3	1.745
241	6.1	NA	19	0	8.5	14.1	NA
242	3.6	NA	10	1	9	21.8	NA
243	5.8	NA	NA	1	9.5	24.6	.653
244	5.9	NA	NA	0	7.4	10.5	NA
245	3.7	62	67	1	10	15.9	1.49
246	1.9	46	34	1	9.3	17.9	1.5615
247	3.4	NA	10	1	9.3	21.1	1.155
248	2.1	NA	19	1	9.5	20.6	NA
249	3.5	NA	2	1	8.2	19.6	NA
250	3	NA	10	1	9.9	22.7	NA
251	4.9	26	34	0	8.5	14.4	NA
252	3.5	10	NA	1	7.5	15.2	1.815
253	5.9	NA	NA	1	8.1	15.9	1.985
254	8.5	24	NA	0	7.4	27.2	NA
255	6.4	NA	NA	1	7.1	15.1	1.84
256	1.7	3	NA	1	8	22	2.0375
257	NA	3	5	1	7.9	16.3	NA
258	9	98	99	0	8.8	3.3	3.37
259	5.6	78	52	1	8.6	17.9	2.345
260	6.4	NA	NA	0	6.8	7.2	NA
261	6	57	NA	1	9.1	17.6	2.24
262	9.4	94	NA	1	9.1	6.8	NA
263	6.3	85	NA	1	10.1	18.1	2.573
264	5.5	85	67	1	8.9	18.4	2.204
265	3.5	2	NA	1	8.2	17.8	1.79
266	7.2	37	NA	0	7.5	10.2	NA
267	6	69	NA	0	7.6	12.5	2.67
268	6.9	NA	NA	0	7.4	14.7	NA
269	10	99	89	0	8	8.4	2.65
270	8.2	NA	NA	0	6.4	11.7	NA
271	8.8	NA	NA	0	8.2	13.8	NA
272	8	64	NA	0	8.2	16.8	3.1
273	3.8	NA	NA	0	8.6	10.2	NA
274	9	NA	NA	0	9.7	16.6	3.48
275	8.4	NA	NA	0	8.6	9.8	3.375
276	8.6	26	NA	0	6.8	11.3	NA
277	9.5	95	NA	0	8.5	11.3	NA
278	5.8	7	NA	0	7.6	8.7	2.725
279	7	56	NA	0	7.3	17.3	NA
280	6.2	71	NA	0	8.2	18	3.891
281	6.6	61	NA	0	7.6	14.2	2.035
282	5.3	48	NA	1	9	16.1	2.082
283	9.4	99	99	0	9	10.1	2.9875
284	5.1	39	NA	1	9	17.1	1.9955
285	5.7	28	NA	1	8.4	14.7	2.015
286	5.7	29	NA	1	7.5	14.2	2.165
287	4.5	5	NA	1	9.2	21	1.757
288	4	12	NA	1	8.3	21	1.95
289	NA	8	NA	0	7.4	27.7	2.812
290	9	NA	NA	0	8.4	10.3	NA
291	9.7	68	NA	0	8.4	13	NA
292	9.1	97	NA	0	8.4	10.6	2.9975
293	5.9	13	NA	0	8	15.4	NA
294	7.1	84	80	0	8	13.2	2.985
295	7.4	19	NA	0	7.1	9.6	NA
296	5.4	NA	52	0	7.8	12.9	1.875
297	6.8	NA	93	0	8	15.3	2.276
298	4.6	NA	19	0	7.8	11.5	1.545
299	6.5	NA	NA	0	7.4	12.7	NA
300	4.9	29	34	1	9.7	20.6	NA
301	5.7	NA	NA	1	10.1	18.2	NA
302	5.7	NA	67	1	9.4	20.6	NA
303	7.9	82	80	0	7.8	12	2.35
304	7.1	57	67	1	10.7	14	1.867
305	6.5	92	93	1	8.9	17	1.989
306	5.1	NA	19	1	8.3	19.9	2.093
307	5.1	NA	NA	1	9.3	22	NA
308	5.1	NA	NA	0	7.7	16	1.75
309	4	NA	19	1	8.5	18.2	NA
310	4.7	NA	34	0	7.2	7.2	1.94
311	4.9	NA	34	0	7.2	15.4	1.775
312	6.3	NA	80	1	8.8	18	NA
313	6.4	NA	NA	1	8.3	17.7	NA
314	5.5	NA	67	1	9.9	24.7	2.05
315	5.8	76	52	0	7.5	12.8	NA
316	9.1	NA	NA	0	8.2	10.4	1.9785
317	7.2	68	67	0	8.2	13.1	2.1105
318	7.7	48	52	0	7.2	11.5	2.22
319	6.9	34	80	0	8.7	13.4	1.5825
320	8	89	89	0	8.5	12.5	NA
321	7.7	NA	NA	0	8.1	11.9	2.386
322	NA	45	52	0	7.9	14.5	1.5015
323	5.8	NA	NA	1	9.6	18.9	1.3125
324	7.8	NA	34	0	7.9	18.8	1.8
325	5.8	47	52	1	9.2	20.2	NA
326	6.6	NA	10	0	5.9	11.3	1.045
327	5.8	NA	NA	1	8.1	17.1	NA
328	4.1	NA	NA	1	9.4	15.4	1.223
329	6.3	NA	67	1	7.9	15.8	NA
330	4.9	NA	1	0	7.6	19.6	1.024
331	5.3	NA	NA	0	7.7	14.5	NA
332	5	NA	34	1	9.3	19.7	1.644
333	5.1	NA	52	0	7.6	14.1	NA
334	6.7	NA	89	0	7.7	13.2	1.7615
335	6.2	NA	NA	0	6.8	21.5	NA
336	5.8	36	67	0	7.2	9.4	NA
337	NA	NA	5	1	8.5	14.4	1.364
338	10	22	52	0	7.9	24.1	2.4
339	2.7	5	5	0	7.8	17.4	2.525
340	4	NA	10	1	8.7	19	1.3055
341	7.6	NA	93	1	9.4	15.7	NA
342	5.4	NA	NA	1	9.1	21.7	NA
343	4.9	NA	NA	0	6.2	18.4	NA
344	7.9	NA	NA	0	7.8	10.7	NA
345	8.7	NA	34	0	7.8	14.3	NA
346	4.5	NA	NA	1	9.2	17.1	1.77
347	7.1	NA	67	0	8.5	15.9	1.25
348	6.7	NA	NA	0	8.9	4.6	2.365
349	5.9	30	34	0	7.3	10.9	2.6
350	5.8	82	89	1	10	12.7	NA
351	4.4	NA	80	1	8.5	11.6	1.8425
352	4.8	NA	NA	1	8.2	13.4	NA
353	9	NA	NA	0	9.1	3.9	2.8875
354	6.2	64	80	0	7.2	12.5	2.025
355	5.9	81	80	0	7.8	11.2	1.485
356	5.8	47	67	0	7.6	14.1	NA
357	NA	NA	NA	0	7.6	11.8	.94
358	4	NA	NA	1	8.4	18.5	1.65
359	7.4	80	52	1	7.8	16.4	1.7
360	3.7	51	67	1	9.5	17.6	NA
361	NA	NA	NA	1	8.4	10.6	NA
362	8	NA	34	1	8.3	25	1.334
363	4.7	NA	NA	0	6.7	8.9	NA
364	8	NA	NA	0	7.5	11.1	NA
365	5.4	NA	52	0	7.2	12.6	1.661
366	6	NA	67	0	7.5	15.1	1.5
367	5.2	NA	67	0	7.6	13	1.636
368	5.6	NA	NA	0	7.6	14.5	1.485
369	1.9	NA	NA	1	9.5	19.7	NA
370	NA	NA	67	0	7.9	13.5	NA
371	4.4	NA	19	1	8.1	20.1	1.312
372	4.8	NA	NA	0	7.1	8.5	1.345
373	5.2	NA	19	1	8.6	20.3	1.33
374	5.4	37	52	1	9.3	15.4	2.28
375	3.7	31	34	1	9.4	14.8	2.476
376	7.2	25	19	0	7.3	12.9	2.6975
377	9.8	98	NA	0	9	4.7	3.035
378	5.1	11	NA	0	8.1	17.6	2.315
379	7.6	9	NA	0	7.7	38.4	2.37
380	3.3	9	NA	0	6.7	12.1	2.45
381	8.1	NA	NA	0	6.9	12.2	NA
382	9.7	61	NA	0	8.2	14.5	NA
383	3.8	NA	NA	0	7.6	14.4	NA
384	5.5	36	NA	0	7.4	13.9	NA
385	5.1	59	NA	1	8.5	22.1	NA
386	NA	17	NA	0	7	11.2	NA
387	2.6	14	NA	1	8.5	14.9	2.4
388	7.2	82	NA	1	8.2	13.5	2.688
389	4	24	NA	1	9	17.2	1.92
390	9.9	99	NA	0	9.1	8.4	2.955
391	7	44	NA	0	8.6	12.3	NA
392	5.8	59	NA	1	8.2	17.4	2.374
393	6.4	42	NA	0	8.9	14.4	3.242
394	5.3	6	NA	0	8.3	12.1	2.76
395	4.3	7	NA	0	8.1	14	NA
396	8	52	34	0	7.2	14	2.069
397	2	17	10	0	5.3	14.3	1.691
398	2.8	NA	2	1	8	17.4	1.19
399	3.4	NA	93	1	7.5	13.7	NA
400	4	NA	52	1	9.4	19.6	1.584
401	4.7	NA	2	1	8.2	15.5	1.13
402	4.2	14	5	0	8	12.4	NA
403	7.9	NA	NA	0	7.7	10.4	NA
404	11.8	4	10	0	8.3	14.3	2.42
405	4.3	36	NA	1	9.2	15.6	NA
406	3.4	28	NA	1	9.1	12.8	NA
407	4.6	33	NA	1	9.5	12.5	NA
408	7.7	91	NA	0	8.3	15.8	2.79
409	NA	12	NA	0	7	37.5	NA
410	6.4	NA	NA	0	7.5	14.3	NA
411	9.1	96	NA	0	8.3	10.3	4.062
412	5.3	31	NA	0	6.6	9.5	2.165
413	5.4	NA	NA	0	6.7	12.7	NA
414	8	77	NA	0	8.8	14.4	NA
415	9.1	91	NA	0	8.1	9.6	2.525
416	7.9	NA	NA	0	8.2	12.1	2.9205
417	6.7	77	80	0	7.7	15	1.775
418	NA	2	5	0	6.7	14.3	2.155
419	6.6	21	10	0	8.8	16	NA
420	NA	33	89	0	6	7	1.96
421	7.9	67	NA	0	8.3	13.6	NA
422	7	72	NA	0	7.4	11.3	3.275
423	6.9	60	89	0	8.7	17.6	2.9625
424	7.7	36	NA	0	6.8	10.3	NA
425	NA	NA	NA	0	8.7	13.8	NA
426	8.8	30	10	0	7.5	15.3	NA
427	6.1	74	80	0	7.6	13.6	NA
428	7.1	93	NA	0	9.8	7.8	NA
429	6.2	50	NA	0	9.3	13.8	2.38
430	6.2	89	NA	0	7.7	10.4	NA
431	5.8	47	NA	0	7.7	10.8	3.37
432	7	NA	97	0	8.8	15.4	NA
433	4.6	53	34	0	7.4	13.4	1.773
434	6.8	83	93	0	9.2	10.8	2.835
435	NA	26	NA	0	7.6	23.8	NA
436	6.4	58	52	0	7.9	8.2	NA
437	8.3	93	NA	0	7.6	6.1	3.347
438	8.1	87	89	0	8.4	12.7	2.8425
439	7.8	69	89	0	7.9	17.7	2.4635
440	4.5	NA	NA	0	8	19.3	NA
441	6.6	60	52	0	7.9	14.5	2.8
442	6.5	41	NA	0	9.8	29.3	NA
443	7.4	36	10	0	7.4	13.6	NA
444	8.5	85	NA	0	8.2	11.5	2.865
445	6.7	11	NA	0	7.4	16.1	NA
446	7.4	86	NA	1	9.5	17.4	2.1775
447	4.9	49	52	1	8.8	19	2.23
448	4.2	21	NA	1	8.9	18.7	2.02
449	6.6	62	67	1	8.7	16.3	2.21
450	7.6	93	93	1	9	19.1	2.085
451	5.3	70	80	1	8.5	15.3	2.12
452	6	55	52	1	8.8	17.1	2.476
453	6.5	56	52	1	8.7	17.9	2.088
454	6.7	NA	NA	0	9.8	11.3	3.435
455	6.5	42	97	0	7.5	12.3	NA
456	9.5	95	97	1	9.1	8.8	NA
457	8	NA	NA	0	9.1	5.9	3.291
458	9	96	96	0	8.5	9.7	NA
459	7.5	60	NA	0	8	13.2	NA
460	6.9	84	80	0	6.9	8.3	NA
461	7	60	52	1	9.6	18.3	1.27
462	6.7	14	NA	0	7.4	13.7	1.72
463	6.3	35	NA	0	8.5	21.8	NA
464	5.5	35	NA	0	7.7	13.5	NA
465	9.4	97	98	0	8.1	12	2.535
466	9.7	98	99	0	9.4	5	2.975
467	5.1	NA	NA	1	8	14.1	1.324
468	2.4	9	NA	1	8.1	15.1	1.275
469	2.9	16	10	0	7.8	15.2	2.135
470	6.5	73	80	0	7.8	15.6	2.58
471	6.2	24	NA	0	7.8	17.8	2.025
472	6.6	38	34	0	7.6	12	2
473	6.9	17	19	0	8	11.9	1.775
474	8.2	NA	NA	0	7.9	13.9	NA
475	5.6	NA	NA	0	7.7	11.4	1.775
476	1.5	22	19	0	6.6	11.1	1.686
477	5.2	11	19	0	7.3	12.7	2.115
478	4.8	10	NA	1	8.1	15	1.38
479	5.8	66	93	0	7	14	2.485
480	6	65	80	0	6.9	11.2	3.15
481	6.9	NA	NA	0	8.4	14.4	.869
482	5.6	8	NA	0	8.1	14	1.6
483	6.2	39	34	1	9.5	16.8	NA
484	5.3	49	NA	1	9.3	15.5	1.7525
485	8.9	NA	NA	0	8.8	4.3	NA
486	6.3	NA	NA	0	6.7	11.4	NA
487	5.5	42	34	1	9.3	19.1	1.84
488	4.6	3	NA	0	8	13.5	1.381
489	4.6	NA	34	1	7.8	16.5	1.073
490	4.8	NA	34	0	7.8	18	1.4275
491	5.1	NA	19	1	7	15.7	NA
492	4.9	64	67	1	9.4	15.9	1.3515
493	5.8	55	67	0	7.3	13.3	1.995
494	6.7	45	52	1	10	21.1	1.676
495	8.3	NA	67	0	8.1	12.1	NA
496	6.4	68	80	0	8.4	15.3	2.205
497	NA	NA	NA	1	8.6	21.1	NA
498	3.5	17	19	1	9.2	18.5	NA
499	10	37	34	0	7.5	11.1	2.215
500	6.9	88	80	0	8.3	11.1	2.345
501	5.6	10	34	0	7.2	12.8	NA
502	8.1	NA	NA	0	8.3	11.6	2.36
503	6.5	37	52	0	7.5	12.5	2.205
504	7.9	78	80	0	7.5	10.6	NA
505	9.6	NA	NA	0	7.8	13.2	1.96
506	8.1	NA	67	0	8.1	16.7	1.765
507	7.3	39	52	0	7.9	13.4	1.957
508	NA	14	10	0	5.7	8.7	NA
509	8.3	96	98	0	8.5	10.1	2.91
510	8.3	67	80	0	8.5	14.5	2.04
511	6.4	61	80	1	10.1	20.4	2.0475
512	3.9	1	10	0	7.5	19	1.9
513	4.3	24	19	1	10.1	16.7	1.922
514	9.3	85	89	0	9.3	14.8	2.11
515	NA	NA	10	0	6.9	15	2.07
516	6.7	NA	NA	0	7.4	13.3	NA
517	7.8	88	89	0	8.4	12.8	2.202
518	8.3	62	80	0	8.5	13.3	2.48
519	5	NA	19	1	9.6	18	NA
520	3.6	NA	10	0	9.1	19.9	NA
521	NA	22	52	0	6.4	8.4	1.45
522	NA	NA	19	1	8.3	18.5	NA
523	NA	NA	NA	0	8	41.7	1.29
524	2.5	NA	34	1	NA	20.2	NA
525	4.5	37	52	0	7.9	16.2	1.575
526	4	74	67	0	7.6	14.6	NA
527	2.9	NA	19	1	7.5	18.1	.9
528	3.9	25	52	0	7.2	11.6	NA
529	5.3	NA	19	1	8.1	19.6	NA
530	NA	NA	19	1	8.8	NA	NA
531	4.4	NA	80	1	9.7	11.5	NA
532	4.7	88	80	0	8.5	11.5	NA
533	4.1	30	10	0	6.4	14.3	NA
534	NA	NA	NA	1	7.9	11.9	NA
535	5.2	51	NA	0	7.7	13.5	2.065
536	6.9	NA	NA	0	8.2	12.3	2.395
537	4.5	53	52	1	9.4	13.9	1.722
538	4.1	31	NA	1	7.6	14.7	NA
539	4.2	71	80	0	7.7	10.9	1.997
540	6.8	97	97	0	7.8	11.8	2.745
541	7.2	64	NA	0	8	13.2	2.05
542	6.8	88	89	0	8	13.3	NA
543	8	72	80	0	7.4	11.3	2.2
544	7.6	NA	NA	0	8.2	9.9	2.22
545	7.3	53	NA	0	7.9	12.2	NA
546	7.1	19	NA	0	7.4	16.5	NA
547	7.4	51	34	0	7.3	11.7	NA
548	5.2	55	52	0	6.5	9.3	2.615
549	7.3	54	NA	0	6.8	8.3	NA
550	6.5	35	NA	0	8.1	19.3	2.265
551	5.4	41	67	0	7.1	13.6	2.4
552	8.6	88	93	0	8.2	10.9	NA
553	6.5	57	67	0	8.5	13.3	2.14
554	8.3	NA	NA	0	8.4	12.1	2.164
555	9.6	54	NA	0	6.6	7.8	NA
556	7.4	NA	NA	0	7.1	11.2	NA
557	6.9	17	NA	0	6.6	11.2	NA
558	6.3	44	NA	1	9.4	20.6	1.453
559	8	82	NA	0	7.7	12.7	2.23
560	9.1	NA	NA	0	9	12.5	2.79
561	4.5	3	NA	1	7.8	12.6	1.7
562	7.2	45	34	0	7.9	14	2.15
563	6.6	36	NA	0	7.8	11.8	2.25
564	7.8	NA	NA	0	8	16.7	NA
565	7.4	NA	NA	0	7.7	15.2	2.365
566	6.8	NA	NA	0	7.1	10.9	NA
567	8.3	83	80	0	8.1	12.8	2.2825
568	6.3	69	19	0	8.2	12.6	NA
569	7.5	59	NA	1	8.9	18	1.474
570	5.8	6	NA	1	8.9	16.3	NA
571	NA	NA	NA	1	7.7	13	1.67
572	5.4	NA	NA	1	9.2	19	1.825
573	5.6	NA	NA	1	9.1	16.9	1.628
574	6.8	41	NA	0	8.1	12.9	2.531
575	6.6	15	34	0	7.3	14.5	NA
576	7.1	NA	NA	0	7.3	11.2	2.09
577	6.9	NA	NA	0	7.6	19.3	NA
578	8.3	77	NA	0	8.7	17.4	NA
579	8.8	NA	NA	0	7.6	12.3	1.968
580	9	NA	NA	0	8.1	13.9	2.355
581	9.5	98	NA	0	8	8.8	3.292
582	4.5	51	NA	1	9.8	11.2	2.641
583	6	20	19	0	7.5	11.6	2.479
584	7.9	84	NA	0	7.7	11.6	NA
585	9.6	91	NA	0	9.3	13.4	3.2535
586	8.6	NA	NA	0	7.8	12.1	2.0025
587	6.3	NA	NA	0	7.8	16.2	1.81
588	6.7	NA	NA	0	8.1	13.3	2.565
589	9.7	98	97	0	9.3	7.6	2.963
590	8.2	57	NA	0	8.4	19	3.205
591	9.6	72	89	0	8.9	18.4	3.1
592	9.6	81	NA	0	7.9	10	3.336
593	7.1	23	NA	0	7.9	9.6	NA
594	6.3	52	NA	1	9.6	16.6	2.779
595	3.9	46	NA	0	8	19.2	NA
596	4.8	NA	NA	0	7.8	14.6	NA
597	5.8	8	5	0	6.5	15.2	1.54
598	7.3	79	NA	1	9.7	18	1.805
599	7.5	30	NA	0	7.7	12.1	2.258
600	7.6	28	NA	0	7.5	14.7	NA
601	6.7	70	NA	0	7.1	13.5	1.92
602	8.2	90	NA	0	8.5	13.5	2.024
603	NA	NA	NA	0	7.9	11.2	NA
604	6	NA	NA	0	7.8	18.6	NA
605	NA	2	2	1	8.9	18.3	1.368
606	4.8	32	34	1	7.9	14.8	NA
607	5.9	58	5	1	8.6	12.8	1.696
608	7.5	84	80	0	7.6	15.3	NA
609	2.1	NA	NA	0	6.8	12.9	1.545
610	4.4	NA	19	0	6.8	11.7	NA
611	5.4	NA	19	1	9.6	20.2	1.101
612	4.8	NA	52	0	7.4	14.8	1.532
613	NA	NA	80	1	8.8	15.5	1.45
614	6.7	NA	67	1	9.4	15	1.095
615	4.9	69	80	0	8.2	11.1	1.832
616	6.7	NA	67	0	8.1	13.6	1.575
617	6.3	68	80	0	7.4	11.1	1.63
618	5.6	78	80	0	7.2	19	1.872
619	3.7	NA	NA	0	7.3	11.3	1.475
620	7.3	56	67	0	8.4	16.2	1.67
621	6.2	44	52	0	7.7	16.1	1.67
622	NA	NA	NA	0	7.7	11.1	1.575
623	NA	NA	NA	0	7.2	16.2	.85
624	5.3	NA	67	0	7.9	14.6	1.445
625	3.3	NA	52	1	9.4	16.9	NA
626	5.9	NA	NA	0	7.9	14.1	1.748
627	7.7	NA	NA	0	8	10.8	2.384
628	4.1	NA	NA	1	8.6	18.6	1.145
629	3.6	7	10	0	6.6	8.9	1.82
630	5.3	61	67	1	10	16.5	1.631
631	6.2	NA	NA	0	6.7	12.6	1.975
632	3.4	47	52	1	8.9	23.1	1.796
633	7.1	79	80	0	7.7	13	NA
634	8.7	41	52	0	7	14.4	1.635
635	3.8	NA	34	0	7.6	15.7	1.39
636	3.8	56	52	0	7.9	13.7	1.49
637	3.7	21	19	0	7.8	12.7	1.496
638	5.6	41	52	0	7.4	14	NA
639	9.5	38	34	0	8	11.4	2.3445
640	3.9	NA	34	0	7.6	11.9	NA
641	NA	NA	NA	0	7.6	16.4	1.568
642	3.6	8	34	0	7.1	13	1.868
643	6.7	89	89	0	7.9	11.3	2.3375
644	5	43	34	1	9.7	21.4	NA
645	6.4	NA	NA	0	9.1	14.8	1.66
646	2.6	1	1	0	7.2	18.4	1.215
647	1	7	10	1	9.9	18.2	1.68
648	4.1	57	67	1	10	24.7	NA
649	3.5	NA	NA	1	8.2	14.3	1.471
650	9.3	95	NA	0	8.4	9.6	2.575
651	6.3	92	93	0	7.5	13.4	3.115
652	3.2	58	52	1	9.7	14.6	NA
653	2.9	44	34	1	9.3	21	1.39
654	6.5	91	89	1	10.6	19.7	1.6545
655	NA	NA	10	1	9.7	23.1	NA
656	3.4	26	34	1	8.9	21.9	1.353
657	3.7	73	80	1	9.8	12.8	1.9875
658	NA	64	52	1	9.8	18.7	1.6575
659	5.9	NA	NA	1	8.8	20.5	NA
660	5	NA	NA	0	7.4	10.5	2.025
661	10	64	NA	0	5.9	14.5	NA
662	5.1	NA	NA	1	7.4	12.6	2.32
663	6.3	NA	19	0	8.4	13.1	NA
664	8.4	65	NA	0	8.1	14.5	2.93
665	7.9	77	NA	1	9.5	9.9	2.464
666	5.3	10	19	0	7.2	17.8	2.175
667	8.2	NA	NA	0	7.7	13.2	2.3625
668	9.3	97	NA	1	9.1	12.1	2.149
669	4.8	22	NA	1	8.1	21.2	NA
670	7	36	NA	0	9.3	14	1.759
671	6.2	49	67	1	8.6	18.4	NA
672	7	NA	NA	0	7.9	12.4	2.7
673	5.5	33	NA	0	7.4	10.6	NA
674	4.5	42	NA	1	9.1	15.1	NA
675	6.2	47	52	1	9.5	19.6	NA
676	7.4	70	NA	0	7.7	10.7	1.8675
677	6.8	71	89	0	7.1	9.2	NA
678	6.1	68	80	0	7	6.5	NA
679	10	NA	NA	0	8.6	11.7	1.6425
680	4.6	19	NA	1	7.5	18.1	1.8445
681	NA	NA	NA	1	9.2	15.8	1.8
682	3	1	NA	0	8.1	13.7	NA
683	9	NA	NA	0	8.1	9.6	2.3095
684	6.9	73	89	0	8.3	14.7	NA
685	8.3	66	67	0	8.2	11	2.244
686	6.6	49	NA	0	8	16.8	NA
687	6.5	NA	NA	1	10.1	9	NA
688	5.6	NA	NA	1	9.8	16.9	NA
689	6.1	64	80	1	9.3	22.7	NA
690	7.2	93	96	0	7.9	10.5	2.45
691	8	74	80	0	7.9	16.9	NA
692	5.2	13	19	0	7.1	11.5	1.69
693	5.9	39	67	0	7.3	13	NA
694	5	35	67	0	9.6	16.6	2.005
695	5.7	46	34	0	7.3	2.5	NA
696	4.6	31	80	0	8.3	16.5	1.945
697	5.6	NA	19	1	8.5	15.3	1.876
698	5.7	45	52	1	10	13.4	2.155
699	7.2	34	52	0	7.4	14.1	2.2725
700	5.5	NA	19	0	7.1	11.1	NA
701	6.9	91	93	0	7.6	11.1	1.808
702	7.9	NA	52	0	7.9	17.8	1.94
703	5.7	NA	52	0	7.8	20.5	NA
704	5.9	NA	19	0	7.8	8.4	NA
705	7.7	80	89	0	9.4	13.5	NA
706	5.2	53	34	0	7.3	15.9	1.875
707	8.8	94	80	0	8.3	15.1	2.225
708	7.3	NA	52	0	7.6	10.7	1.7025
709	6.5	NA	34	1	8.9	21	1.296
710	5.4	NA	NA	1	9.4	21.3	NA
711	4.6	NA	NA	1	NA	18.1	1.25
712	6.7	NA	34	1	9.3	23.1	NA
713	4.5	NA	67	1	9	15.1	1.711
714	4.6	62	67	1	9.6	22.2	2.117
715	4.5	79	67	1	10.2	12.2	1.872
716	7.4	58	NA	0	7.7	13.3	2.3925
717	5.2	4	NA	0	7.2	14.2	2.391
718	NA	21	NA	0	6.2	11	NA
719	NA	NA	NA	1	7.8	15	NA
720	6.2	90	NA	0	7.7	11.4	2.7375
721	NA	NA	NA	0	9.1	38.2	NA
722	7.2	40	NA	0	7	22.2	2.467
723	5.7	74	NA	1	7.4	18.6	2.374
724	4.7	NA	NA	1	9.2	18.2	NA
725	6.1	12	NA	0	8.6	21.6	2.785
726	5.3	NA	NA	0	8.7	18.6	2.75
727	6.1	20	NA	0	8.5	16.4	3.025
728	2.8	NA	19	1	8.6	18.4	NA
729	4.7	NA	34	0	7.3	6.8	3.3215
730	4.6	49	NA	1	8	14.9	2.38
731	4.4	53	NA	0	7.2	11.4	2.375
732	5.6	NA	NA	1	10.6	13.1	NA
733	7.7	89	NA	1	10.4	19.5	2.383
734	6.3	85	NA	1	10.1	18.1	2.03
735	7.2	NA	NA	0	9.8	18.5	1.96
736	3	4	NA	1	8.6	15.3	NA
737	5.8	NA	52	0	7.8	19.8	NA
738	2.2	NA	NA	1	7.9	25.3	2.21
739	NA	49	67	0	9.1	23.3	NA
740	5.6	NA	NA	0	8.5	12.5	NA
741	2.4	15	34	1	8	13.4	NA
742	4.2	NA	34	1	8.5	18.1	2.215
743	6	39	NA	0	8.2	16.7	2.7
744	4.8	66	80	0	7.5	11.3	1.668
745	4.2	3	2	0	6.9	14.4	1.635
746	6.8	NA	NA	0	7.7	12.1	2
747	8.7	94	96	1	10.5	11.5	NA
748	2.9	5	34	0	6.6	7.5	2.25
749	4.3	13	NA	1	8.7	19.1	1.569
750	6.3	20	NA	1	9.1	19.2	1.462
751	4.2	76	67	1	9.4	17	1.372
752	5.2	NA	NA	1	9.4	17.7	NA
753	6.4	77	NA	1	8.6	19.5	2.1755
754	5.6	79	NA	1	10	13.6	NA
755	4	11	19	1	10.1	16.6	NA
756	6.6	71	67	1	9	13.9	NA
757	3.3	NA	2	1	9.4	15.9	1.358
758	NA	95	96	1	8	20.8	NA
759	NA	NA	5	0	6.7	17.6	NA
760	NA	50	NA	1	8.8	14.6	NA
761	3.6	1	NA	1	8.5	16.5	NA
762	5	33	34	1	9.4	25.3	NA
763	5.8	NA	NA	0	7.4	14.1	1.925
764	4.3	NA	NA	1	7.5	17.4	1.561
765	7.3	71	80	0	8.7	17.7	1.764
766	3.4	NA	52	1	9.5	14.3	NA
767	NA	NA	NA	0	8.6	17.9	NA
768	6.6	75	NA	0	8.8	15.6	NA
769	8.4	74	NA	0	8.6	14.2	2.958
770	NA	NA	10	1	8.9	17.3	NA
771	NA	67	NA	0	7.4	17.2	1.45
772	5.9	86	NA	0	8.5	10.2	4.01
773	7.1	74	NA	1	9.6	16	2.536
774	3.1	17	NA	1	8.2	15.8	NA
775	NA	64	67	0	6.9	2.3	NA
776	NA	NA	NA	1	9.4	11.7	NA
777	5.5	66	67	0	8	16.1	2.5
778	5.8	92	67	0	5.9	9.3	NA
779	6	82	89	0	5.1	11.8	NA
